0,0,21,0:0,0,24,0:她突然对我笑
0,0,25,0:0,0,30,0:一半明一半又暗
0,0,30,0:0,0,33,0:让我禁不住的想
0,0,33,0:0,0,35,0:禁不住的乱
0,0,36,0:0,0,40,0:在一旁
0,0,42,0:0,0,44,0:说穿吧
0,0,44,0:0,0,46,0:那爱情
0,0,47,0:0,0,48,0:悲欢聚散
0,0,48,0:0,0,52,0:谁不看惯
0,0,52,0:0,0,54,0:让我禁不住的乱
0,0,54,0:0,0,57,0:禁不住的想
0,0,57,0:0,1,1,0:躲开她
0,1,3,0:0,1,8,0:是非，谁会牵挂
0,1,8,0:0,1,13,0:哭笑，怎么无常
0,1,14,0:0,1,18,0:星宿，纵走横闯
0,1,18,0:0,1,23,0:感觉，等着枯黄
0,1,23,0:0,1,26,0:我一直这样唱
0,1,26,0:0,1,29,0:一直这样唱
0,1,29,0:0,1,34,0:唱到我心慌
0,1,35,0:0,1,45,0:这歌，有几个人懂他
0,1,45,0:0,1,47,0:我一直这样唱
0,1,47,0:0,1,50,0:一直这样唱
0,1,50,0:0,1,56,0:唱到我失望
0,1,56,0:0,2,7,0:这情，有几个人容纳