0,0,40,0:0,0,46,0:谁说了解之后的结果是分离
0,0,47,0:0,0,52,0:永恒的一定又是相爱不渝
0,0,55,0:0,0,57,0:社会的现实
0,0,58,0:0,1,1,0:成长的压力
0,1,1,0:0,1,6,0:使得你我不再熟悉
0,1,7,0:0,1,13,0:再一次的见面
0,1,14,0:0,1,21,0:只是平添陌生几许
0,1,21,0:0,1,29,0:无奈的眼神竟是内心犀利的抗议
0,1,29,0:0,1,35,0:为何你我已不再熟悉
0,2,5,0:0,2,10,0:谁说了解之后的结果是分离
0,2,11,0:0,2,17,0:永恒的一定又是相爱不渝
0,2,19,0:0,2,22,0:社会的现实
0,2,22,0:0,2,26,0:成长的压力
0,2,26,0:0,2,32,0:使得你我不再熟悉
0,2,32,0:0,2,39,0:再一次的见面
0,2,39,0:0,2,46,0:只是平添陌生几许
0,2,46,0:0,2,54,0:无奈的眼神竟是内心犀利的抗议
0,2,54,0:0,3,1,0:为何你我已不再熟悉
0,3,2,0:0,3,8,0:海誓山盟不过是梦幻的糖衣
0,3,8,0:0,3,16,0:认罪之后竟是后悔哭泣
0,3,16,0:0,3,19,0:不必后悔
0,3,19,0:0,3,22,0:何必哭泣
0,3,22,0:0,3,29,0:那回眸之间仍是那句
0,3,29,0:0,3,39,0:我爱你
0,3,39,0:0,3,45,0:我爱你
0,3,45,0:0,3,47,0:我
0,3,47,0:0,3,58,0:爱你
0,3,58,0:0,4,2,0:你不要忘记
0,4,2,0:0,4,4,0:我爱你
0,4,4,0:0,4,30,0:爱你...