0,0,56,0:0,0,59,0:当我年老
0,0,59,0:0,1,4,0:领悟知天命的诀窍
0,1,4,0:0,1,9,0:就不会再对脸上皱纹斤斤计较
0,1,9,0:0,1,12,0:当我年老
0,1,12,0:0,1,17,0:享有人生洗练的骄傲
0,1,17,0:0,1,28,0:就不会再为稚幼的青春苦苦哭嚎
0,1,28,0:0,1,31,0:当我年老
0,1,31,0:0,1,35,0:征服时光轮轴的奥妙
0,1,36,0:0,1,41,0:就不会再因爱欲熊熊燃烧
0,1,41,0:0,1,44,0:当我年老
0,1,44,0:0,1,49,0:吟诵每个甘心的欢笑
0,1,52,0:0,1,54,0:何妨干硬的手脚
0,1,54,0:0,2,0,0:何妨那无牙一笑
0,2,0,0:0,2,6,0:哦，你为何要流泪
0,2,6,0:0,2,9,0:这不是为了谁
0,2,9,0:0,2,12,0:你会品尝到滋味
0,2,12,0:0,2,14,0:就像一首歌
0,2,14,0:0,2,17,0:完美的搭配
0,2,17,0:0,2,19,0:我满足每一个
0,2,20,0:0,2,22,0:忘却一身疲累
0,2,22,0:0,2,25,0:围绕我周围
0,2,25,0:0,2,27,0:宁静与和谐
0,2,27,0:0,2,30,0:微微已沉醉
0,2,30,0:0,2,34,0:所有生命的美
0,2,35,0:0,2,38,0:这和平的感觉
0,2,38,0:0,2,41,0:将存在我心扉
0,2,41,0:0,2,46,0:永伴我长眠
0,3,6,0:0,3,9,0:小子们都想问我
0,3,9,0:0,3,14,0:关于孤独与衰老
0,3,14,0:0,3,19,0:我不能安慰你们的焦躁
0,3,19,0:0,3,28,0:当我的心灵常在躯壳之外逍遥
0,3,30,0:0,3,32,0:听水听蝉听蛙叫
0,3,32,0:0,3,40,0:望生望死望尘嚣
0,3,41,0:0,3,44,0:大自然的骨架
0,3,45,0:0,3,47,0:人工的脊椎
0,3,47,0:0,3,50,0:撑起文明火焰
0,3,50,0:0,3,53,0:多少个季节
0,3,53,0:0,3,55,0:狂欢和惭愧
0,3,55,0:0,3,58,0:是生生的歌谣
0,3,58,0:0,4,1,0:宽容一切犯罪
0,4,1,0:0,4,3,0:用心灵感觉
0,4,3,0:0,4,6,0:逝去的岁月
0,4,6,0:0,4,9,0:不会再埋怨
0,4,9,0:0,4,13,0:心灵似井泉水
0,4,14,0:0,4,16,0:这和平的感觉
0,4,16,0:0,4,19,0:将存在我心扉
0,4,19,0:0,4,24,0:永伴我长眠
0,4,30,0:0,4,40,0:永伴我长眠