0,0,26,0:0,0,32,0:我为你唱过的那一首歌
0,0,32,0:0,0,37,500:你还能不能跟着我和
0,0,38,0:0,0,43,0:在枫叶嫣红的最饱满时刻
0,0,44,0:0,0,49,0:回忆却如许清澈
0,0,49,0:0,0,55,0:经过了人世的分分合合
0,0,55,0:0,1,0,0:这些容颜你是否记得
0,1,1,0:0,1,6,0:尽管走过来又平顺波折
0,1,6,0:0,1,12,0:增添笑谈里一番声色
0,1,14,500:0,1,20,0:我们曾经拥有这个梦
0,1,20,0:0,1,26,0:曾经拥抱在山峰中
0,1,27,0:0,1,32,0:我们难舍这个梦
0,1,32,0:0,1,40,0:即使在世界失踪
0,1,41,0:0,1,45,0:每一个晚上
0,1,45,0:0,1,48,0:最佳的时光
0,1,48,0:0,1,51,0:我们一起唱
0,1,52,0:0,1,57,0:每一个晚上
0,1,57,0:0,1,59,0:无尽的奔忙
0,1,59,0:0,2,2,0:我们一起唱
0,2,2,0:0,2,6,0:跟着我们的歌
0,2,6,0:0,2,9,0:乘坐星光马车
0,2,9,0:0,2,12,0:沿着时光轨痕
0,2,12,0:0,2,16,0:涉过青春那条爱河
0,2,16,0:0,2,18,0:我们的歌
0,2,18,0:0,2,21,0:乘坐星光马车
0,2,21,0:0,2,23,0:沿着时光轨痕
0,2,23,0:0,2,32,0:撒开所有宇宙美和真
0,2,53,0:0,2,58,0:我为你诉说的那个故事
0,2,58,0:0,3,3,0:如今虽然都已成往事
0,3,3,0:0,3,10,0:当微笑在你我的唇边荡起
0,3,10,0:0,3,15,0:谁也不会点破那种默契
0,3,15,0:0,3,21,0:缘深的时候要倾情去爱
0,3,21,0:0,3,27,0:别向朝露祈求旭日的光彩
0,3,27,0:0,3,33,0:当心灵因旋律而感动流泪
0,3,33,0:0,3,39,0:歌声会高亢甜美
0,3,41,0:0,3,46,0:我们曾经拥有这个梦
0,3,46,0:0,3,52,0:曾经拥抱在山峰中
0,3,53,0:0,3,57,0:我们难舍这个梦
0,3,57,0:0,4,5,0:即使在世界失踪
0,4,6,0:0,4,11,0:每一个晚上
0,4,11,0:0,4,14,0:最佳的时光
0,4,14,0:0,4,17,0:我们一起唱
0,4,18,0:0,4,22,0:每一个晚上
0,4,22,0:0,4,25,0:无尽的奔忙
0,4,25,0:0,4,28,0:我们一起唱
0,4,28,0:0,4,31,0:跟着我们的歌
0,4,31,0:0,4,34,0:乘坐星光马车
0,4,34,0:0,4,37,0:沿着时光轨痕
0,4,37,0:0,4,41,0:涉过青春那条爱河
0,4,41,0:0,4,43,0:我们的歌
0,4,43,0:0,4,45,0:乘坐星光马车
0,4,45,0:0,4,48,0:沿着时光轨痕
0,4,48,0:0,4,52,0:撒开所有宇宙美珍
0,4,52,0:0,4,54,0:我们的歌
0,4,54,0:0,4,57,0:乘坐星光马车
0,4,57,0:0,4,59,0:沿着时光轨痕
0,4,59,0:0,5,3,0:涉过青春那条爱河
0,5,3,0:0,5,5,0:我们的歌
0,5,5,0:0,5,8,0:乘坐星光马车
0,5,8,0:0,5,10,0:沿着时光轨痕
0,5,10,0:0,5,14,0:撒开所有宇宙美珍
0,5,14,0:0,5,16,0:我们的歌
0,5,16,0:0,5,19,0:乘坐星光马车
0,5,19,0:0,5,21,0:沿着时光轨痕
0,5,21,0:0,5,25,0:涉过青春那条爱河
0,5,25,0:0,5,27,0:我们的歌
0,5,27,0:0,5,30,0:乘坐星光马车
0,5,30,0:0,5,32,0:沿着时光轨痕
0,5,32,0:0,5,36,0:撒开所有宇宙美珍
0,5,36,0:0,5,39,0:我们的歌
0,5,46,0:0,5,50,0:唔
0,5,50,0:0,5,55,0:哦呜喔唔
0,5,56,0:0,6,8,0:我们的歌
0,6,9,0:0,6,16,0:乘坐星光马车