00,00,49,0:00,00,53,500:烟雾中浮现一幅画
00,00,54,0:00,00,58,500:有好多瑰丽的花
00,00,59,0:00,01,03,0:我喜欢这样静静地
00,01,03,500:00,01,08,0:让时间从容过去
00,01,08,0:00,01,12,500:伤口中酥麻着快感
00,01,13,0:00,01,16,500:为原始的兽性震撼
00,01,17,0:00,01,21,500:我期待这样疯狂地
00,01,22,0:00,01,27,500:把空虚胡乱填平
00,01,29,0:00,01,33,0:总想为每件事找理由
00,01,34,0:00,01,37,0:每个理由都是空洞
00,01,39,0:00,01,41,0:总想形容我每个心痛
00,01,43,0:00,01,50,0:当我被诅咒的时候
00,01,52,0:00,01,56,0:给我一个痛快
00,01,58,0:00,02,01,100:给我即兴摇摆
00,02,02,0:00,02,10,0:哪怕是烟火就只要能填充无奈
00,02,11,0:00,02,15,500:永无意义的光环中
00,02,16,0:00,02,20,0:因为我深怕那寂寞
00,02,20,500:00,02,25,0:回忆是治不愈的创痛
00,02,26,0:00,02,30,0:常令我午夜惊梦
00,02,30,0:00,02,34,500:仍然有纯洁的思欲
00,02,35,0:00,02,39,0:我问你相不相信
00,02,39,500:00,02,44,0:谁敢说他不戴面具
00,02,44,0:00,02,50,500:应酬中逃离人群
00,02,50,500:00,02,55,500:不是想证明我已成熟
00,02,56,0:00,03,00,0:只是想表现的与众不同
00,03,01,0:00,03,05,500:当你们指责我的时候
00,03,05,500:00,03,13,500:希望你们能听我说
00,03,14,0:00,03,18,500:给我一个痛快
00,03,19,0:00,03,23,500:给我即兴摇摆
00,03,24,0:00,03,33,330:哪怕是烟火就只要能填充无奈
00,03,33,333:00,04,04,0:... 尾奏 Solo ...
